[SETTINGS]
WIDTH=1.07801723480225
LENGTH=2.41579985618591

