[DASH_CAM]
POS=0.288178,0.922104,-0.104783
EXP=27

